[bg_login.jpg]
filters=sat=1,0.161800;
moddate=00000c37bad646b2
width=1080
height=1920
textactive=0
[bg_login@2x.jpg]
filters=sat=1,0.161800;
moddate=00002437bad68337
width=1080
height=1920
textactive=0
[bg_login@3x.jpg]
filters=sat=1,0.161800;
moddate=00003937bad69ed0
width=1080
height=1920
textactive=0
